23.483798
18.909029
22.873851
21.348976
28.058636
28.058524
26.686123
19.519028
22.873907
19.824035
22.721424
21.501405
22.568759
23.331383
22.721349
18.451645
22.111231
22.416029
20.281347
22.568762
24.398680
18.909114
22.873660
22.416650
20.738913
20.586221
21.958984
20.129341
22.568917
18.299645
23.331027
22.721537
23.788163
22.569312
20.586282
19.671579
22.263595
22.263891
19.671519
20.738883
20.433812
23.788623
23.484040
23.178433
20.434356
22.873293
24.551481
21.958675
22.873424
23.941542
19.213957
19.976913
19.976333
24.550986
23.331452
23.025504
22.263706
22.112253
22.569077
21.653786
22.721408
16.621630
18.299076
22.873329
21.348738
20.890995
22.874008
24.092813
22.568392
23.636321
19.670967
23.026212
24.246187
19.824399
19.823410
21.654357
22.569093
19.976489
22.720172
19.215293
24.397040
19.670339
21.196644
23.331232
26.685876
21.652250
25.618678
21.653429
19.213714
19.061025
24.245627
20.280936
23.788521
19.975382
23.788189
21.042095
20.891554
23.178974
21.194964
24.550921
24.551148
20.889876
24.702573
26.225928
22.412825
19.823829
22.872302
19.364342
22.567637
23.786120
19.668297
22.719770
24.550322
22.108943
19.059953
19.060052
17.686185
21.956219
24.548505
20.430142
19.210605
23.479099
20.581390
22.411504
21.347813
19.972533
22.412107
24.541918
24.549191
21.350372
21.192047
21.498227
19.059316
19.210249
23.173911
18.902986
23.933799
21.958236
19.516439
24.083680
20.278645
22.257781
23.779697
18.589129
22.562689
22.411797
20.276618
23.784145
21.039489
19.050782
23.315882
17.827990
22.552007
21.802152
21.035091
23.470036
21.337708
21.182311
22.405214
19.666508
21.035497
26.820958
19.960216
20.875456
21.932953
20.244792
18.284439
23.309198
21.309230
20.711840
22.857888
18.890316
20.393417
24.989768
23.608636
19.194020
18.577324
23.156304
21.923879
21.321447
24.816293
22.540042
23.307086
19.942567
24.985808
22.675026
21.009566
20.584986
19.051987
23.424069
22.808607
21.628634
18.841631
20.818883
22.973573
24.671615
20.684279
19.354234
24.317763
21.589960
19.322932
19.776867
20.317125
21.565919
21.613598
24.172234
23.656327
22.967990
22.371035
19.923260
22.192065
17.456051
24.326036
18.934558
26.163208
20.547991
19.121192
21.093538
20.861524
18.978924
21.855738
22.304182
20.464231
21.791576
21.764570
20.317410
19.680704
20.454437
24.280390
21.629459
22.866388
20.438595
25.704566
22.879820
21.070574
23.259077
21.947286
20.683427
22.141497
22.239242
22.947258
20.356687
19.899107
19.554888
18.854908
21.896767
19.301841
22.648712
20.942621
20.587114
22.330279
22.936890
23.424773
19.273466
22.773354
19.076566
18.227458
21.583911
20.779424
18.008551
21.907398
18.624467
22.086396
18.202788
21.758996
19.502096
20.568852
19.955762
19.792320
18.349916
21.616135
22.659232
22.525351
20.992417
21.351677
22.309853
19.381581
21.684924
18.014241
18.748163
24.723875
20.772061
19.056552
18.396491
20.805331
20.360012
20.510052
22.299861
23.255222
19.685194
21.176530
19.166756
22.276158
19.028224
18.968024
20.799752
21.527464
21.155156
21.660231
20.398693
19.078141
22.751635
18.562141
20.075649
21.913402
22.945345
21.766719
18.726377
18.397290
21.302148
23.337992
19.189037
20.143256
18.250275
18.004991
17.937343
24.321377
21.301265
20.647144
19.937245
19.232443
20.349984
23.271369
20.841078
22.410938
24.234860
23.737733
21.497429
24.862676
22.172635
21.558056
20.179688
21.237501
18.417007
17.490369
19.662387
20.976490
17.688471
20.300052
18.663886
19.065022
19.707404
19.843529
20.044314
19.675437
23.128933
20.920073
21.469278
20.693308
23.252472
18.665930
18.142619
20.066164
21.917843
19.887622
18.608146
20.989167
18.393681
16.937596
19.601855
19.754625
20.160708
18.458529
18.441785
19.433134
18.800854
19.054678
19.754633
17.850779
21.181658
17.931922
18.904331
19.208022
17.688748
18.710114
16.693272
19.887416
20.133224
18.305877
17.548129
20.107771
24.445566
19.947376
19.362456
20.942621
21.685204
17.881180
19.277450
19.628910
19.351662
21.058745
17.598382
21.432596
18.632229
21.662715
17.805206
16.990793
17.054859
20.361667
19.083676
18.023472
21.706624
18.162328
18.384322
18.845926
17.130436
16.105193
17.891711
18.412324
18.841555
19.078877
17.505111
16.960969
21.431099
19.474006
18.883726
19.627600
20.582119
20.584533
18.795914
18.921880
18.105167
18.944997
20.473809
18.324370
19.328063
19.289567
18.418281
16.461764
19.414534
16.743483
17.114825
19.077156
16.271314
17.350537
19.263266
17.885720
17.878642
17.382558
17.192191
16.685554
17.182911
17.251850
19.137821
17.945769
18.766196
17.256559
18.769155
20.058704
16.181429
17.023745
17.162347
16.693373
18.500167
17.556423
18.049866
16.364139
16.566772
18.617907
19.836444
16.427749
17.932501
16.784502
20.840008
14.691506
17.925624
16.068052
16.924849
16.179278
17.172912
19.239855
16.600093
21.181575
19.171213
16.565098
19.995351
19.351435
16.124369
19.707408
17.853492
15.864971
18.940006
16.165671
15.210134
20.418845
18.331940
17.640808
17.955662
18.750571
16.346469
15.979041
18.475638
17.627765
20.555368
19.280542
16.060697
17.216990
17.297594
18.320292
16.552720
19.803377
15.798362
17.537677
19.593078
16.482073
16.267505
19.098235
15.724335
18.072188
16.973532
17.105470
14.646145
18.450090
15.258920
15.815868
17.354779
15.642595
18.537869
17.030408
20.714942
17.748131
18.942205
17.436785
16.948319
15.828701
17.668096
16.070918
17.646474
14.957136
16.698444
18.040836
16.972385
16.846454
16.297285
15.407810
19.377126
17.080188
15.155176
15.415270
17.280867
16.921073
14.066540
17.063205
17.334015
17.315604
18.248317
17.253814
17.740263
17.158600
16.110255
16.038561
17.444267
15.579909
16.805999
17.444284
16.937344
16.658883
18.235104
14.854003
15.879479
14.486876
18.364763
14.725365
17.358224
15.133418
18.461183
19.221913
17.289435
16.967703
15.706166
16.631587
16.586189
18.987789
14.773102
16.608800
18.165885
18.575460
14.541287
19.561971
17.161365
18.747207
15.515486
16.369513
17.877324
16.875553
16.492361
16.284035
16.207941
16.605795
13.811571
14.173404
13.706301
19.488657
16.365439
17.100644
17.152908
18.647742
18.229099
16.605070
15.163102
15.449284
17.591191
12.415635
14.717413
16.727231
18.319849
15.812491
16.360571
15.469207
17.468855
16.399268
14.252098
16.999108
14.355955
15.130594
17.036051
16.634672
13.893902
16.089088
12.634784
18.159099
16.942150
15.179155
14.924111
16.449622
15.845868
14.495444
14.734474
17.034318
15.333054
17.187208
16.424836
14.866878
16.117380
16.939989
16.502630
16.017615
17.586926
16.368505
15.422822
16.197217
15.518536
15.150176
18.086654
15.320141
15.644910
14.957439
13.749703
15.868413
15.312256
16.467423
16.334416
15.917436
16.803665
15.267307
14.636211
15.590376
16.223707
15.561514
15.288912
15.174753
16.485869
13.994464
17.291987
14.214108
16.081461
14.322198
17.739380
19.062931
13.643749
17.802045
14.439559
14.071797
15.443434
16.050911
16.880154
14.304418
16.145085
13.203569
14.464991
13.348122
16.969223
13.481658
14.946752
14.553065
13.744320
14.611135
14.774515
13.648033
16.636697
15.581120
15.397015
13.185425
14.886209
17.105107
16.831946
16.509202
14.022814
15.352517
14.216064
14.571969
14.076827
14.555088
15.099204
12.856735
13.369760
16.978441
16.428769
16.407303
14.949226
15.285157
13.960962
16.356392
14.733587
14.276669
15.781392
17.113808
14.435281
15.992437
14.158379
13.805676
14.666176
13.345213
11.574969
15.465540
15.074152
12.233782
15.084661
16.467716
15.004758
14.791713
14.309823
16.998355
16.509126
13.988062
14.207606
12.980842
13.092626
14.605814
15.235412
13.979390
15.984008
16.150442
14.866493
13.617231
15.591093
14.282556
14.758141
12.256830
13.681580
14.648129
15.018662
13.426804
13.936626
12.968770
15.760961
12.929275
14.955008
15.838228
13.768510
13.191413
15.041485
15.213816
13.932997
12.836717
17.056984
14.527364
17.776761
12.784937
14.923230
14.612244
16.246195
14.691483
13.320081
14.144253
13.276425
13.262426
15.175655
10.584853
14.681832
12.964252
14.408224
14.728837
13.010362
13.878360
12.540750
13.197960
13.525571
14.804944
13.148248
13.803848
15.570720
14.472044
13.221119
14.260462
14.361215
14.126186
15.439981
13.729665
15.203188
14.640628
13.286024
15.599937
14.692650
14.310261
12.611145
12.406525
14.220697
15.313063
13.732643
16.799562
14.724737
13.409242
14.358367
14.344776
13.127502
14.336402
13.213284
14.044607
14.052102
12.591471
13.755973
12.860796
12.344159
12.065131
14.210850
13.078509
12.379425
14.840361
12.968285
14.601629
13.539774
13.163009
13.049105
13.562403
14.771234
15.489035
12.642121
14.035812
13.553750
13.882808
14.243040
12.126850
12.931483
14.226271
15.106664
13.604470
15.584684
12.530036
15.451216
12.046591
12.893508
13.548931
14.375216
12.707383
13.842335
12.958543
12.223897
10.960698
11.765293
13.367547
10.997091
14.035149
12.705673
13.601094
13.707421
13.290009
13.326830
12.930580
15.660313
13.342539
12.289490
13.948064
13.066013
12.545738
13.124828
13.365964
11.763410
12.541293
11.078927
12.755401
13.487193
14.757517
16.192106
15.636871
12.525153
12.450851
12.974857
14.310053
12.428679
16.296949
13.301701
12.250641
11.915055
13.445767
12.502102
13.454134
12.919674
14.391025
12.514261
12.898083
11.454488
13.238058
11.603886
13.610669
11.813660
12.257119
12.738773
13.042661
11.889638
15.174232
13.810475
14.908715
15.112246
14.526767
14.199355
13.518519
14.408384
10.078950
13.195022
12.900638
12.225805
13.657879
12.241468
12.710896
14.424994
14.873006
12.164437
14.689248
14.174796
12.244271
14.297965
12.865527
14.078954
12.090104
14.425226
14.525581
14.815884
12.817948
13.091693
14.522991
14.078568
12.756481
15.100426
11.313861
14.113599
11.678124
12.765697
14.267397
12.303028
15.045643
11.832211
13.556539
12.108480
12.988414
13.088539
12.934533
11.602994
12.889731
12.444862
12.919603
13.527183
13.308041
13.602251
13.561384
11.865383
13.258942
12.970145
10.821729
12.471380
15.846896
12.222505
12.201775
12.896765
13.362288
11.803335
13.023668
12.551058
11.994393
13.022372
12.933820
12.851533
14.528771
11.479184
14.812666
12.020401
11.509560
13.646582
11.622598
13.811607
13.488442
13.415926
12.823873
12.196136
14.087885
12.355102
14.181468
12.211586
13.916886
12.766225
10.691417
12.208131
12.027287
12.577138
11.152954
13.735856
13.088742
10.789541
13.502622
13.419790
12.465956
11.215072
13.600958
13.281055
12.776914
12.310827
9.596374
13.262859
12.800578
14.241720
13.292978
12.254913
12.125666
13.417816
14.406464
10.936445
13.502814
11.243173
13.209232
12.982380
13.595935
12.901250
13.577598
13.034294
15.395658
12.797152
14.419136
14.556914
13.088879
11.553540
11.390363
12.181047
11.947256
12.497529
12.259129
12.185907
13.841131
12.425246
13.334009
12.852635
14.640187
13.936444
11.837124
12.936509
13.128601
11.630492
13.866252
12.104199
11.282198
11.505490
12.783670
10.889085
10.714844
13.238381
15.226619
12.640700
11.624187
10.598013
13.366296
12.496512
12.018902
13.385625
11.137509
11.801807
11.365361
10.816708
12.731702
12.578263
13.233545
12.567788
13.473327
13.584567
11.575844
13.068048
12.671659
12.981471
11.614179
14.072591
12.109386
12.621255
13.368048
12.882448
13.833306
13.371984
11.860162
11.636311
10.485336
12.657275
12.641361
12.724441
11.183131
13.405889
13.042078
12.160543
11.647564
12.748035
11.682453
12.543924
12.026346
11.413386
11.288627
11.295774
13.132751
12.642373
13.096848
13.401994
11.877075
11.557516
11.934574
12.011073
12.569440
14.849465
12.566290
11.049958
14.514105
11.309940
11.034906
11.299992
10.285842
12.633332
12.126963
12.439588
10.304172
11.769000
11.624401
11.529047
12.989729
14.072540
12.001377
11.820355
11.720682
11.451316
12.712600
11.231995
10.356706
12.339158
12.284348
12.168972
11.844258
12.427883
12.125524
12.525216
12.457161
11.904679
12.071246
11.181048
12.216935
13.342767
10.724112
11.208838
11.356209
13.497804
13.587895
11.849939
13.329362
12.037350
11.566234
12.351149
11.821177
10.553970
11.748744
13.922965
11.820154
14.394612
12.801090
11.796534
12.034939
12.566442
10.326843
13.440380
12.907004
11.558518
12.956046
11.776896
11.460261
11.818248
11.306555
11.678848
11.625366
11.267851
11.011445
11.856036
10.153593
13.534542
10.665629
11.472192
11.452072
11.487264
10.130304
11.726927
11.369931
12.120617
15.154647
10.923780
12.078065
12.849574
12.606640
13.384736
11.882263
11.689890
12.270658
10.471504
11.606883
11.919345
11.099048
11.244089
11.944379
11.004978
13.587655
11.975908
12.503151
11.106689
10.469669
10.836324
12.255199
11.750341
12.873304
12.304369
12.980413
13.599944
12.057137
10.810902
12.469482
10.311140
11.823544
10.185456
10.517830
10.983848
12.680788
12.744723
12.765974
10.396250
11.797795
11.398535
12.403874
11.250208
9.568924
11.573929
11.939566
9.984948
10.868254
11.719977
12.821826
13.184553
11.956439
10.876995
13.631262
12.657882
12.255272
12.161424
10.946924
11.767594
11.370506
13.228182
11.335604
12.480860
12.356663
11.679967
12.451270
11.442586
11.519647
12.779164
10.686501
11.309142
13.261565
10.591720
12.521362
9.327855
11.253411
11.808564
11.519349
14.107828
12.968356
13.338547
12.513841
11.161762
10.722327
10.866453
12.970730
10.517031
12.816550
12.719200
11.566004
11.643390
11.783212
9.927962
10.085584
12.853272
11.440325
14.038131
12.537803
10.428903
10.893098
11.469661
11.969754
11.340768
12.521654
11.523077
12.560568
12.140934
10.521550
10.422850
12.336665
10.642848
11.421589
12.504310
11.265645
11.553278
11.825643
12.221101
11.686363
11.824256
11.439921
11.264672
11.407788
11.631525
12.491157
12.807964
11.287903
12.210837
11.912841
11.146468
12.663116
10.903143
11.713763
12.073523
10.563741
10.470341
12.124284
10.715014
11.672777
11.041313
10.923435
10.042716
13.760327
12.002587
10.046715
11.457581
11.986984
9.522793
10.532849
11.131571
13.269199
11.253938
12.588125
11.461338
9.826544
10.670681
11.497535
11.705700
11.607160
11.910631
9.870798
12.450371
9.975403
9.600317
11.863773
10.944094
11.998548
11.797467
10.832103
11.652938
10.607291
12.025303
12.164091
12.020484
13.817116
11.935675
10.980040
10.159226
12.047604
10.183786
10.946153
10.566432
10.502071
10.587693
11.742863
12.305542
12.606400
11.914864
10.615682
10.018003
10.069482
11.271419
9.662998
11.462869
10.486436
10.614331
11.780479
11.654085
10.988079
10.691649
11.868759
10.752020
12.642967
10.490887
10.399765
11.654015
8.309836
8.858871
11.344850
8.741717
11.650433
10.266881
7.864384
11.094647
11.033856
11.381975
11.073271
9.534999
11.075643
11.005370
11.414048
11.755736
11.043706
12.428861
11.026864
10.949483
10.045451
11.355053
10.022440
12.211583
11.817782
13.514737
12.442943
10.903027
12.983007
10.778045
9.473816
12.751844
11.888088
9.959607
10.244090
10.405400
10.621435
9.897003
13.760441
10.825311
11.046371
11.330817
11.712096
10.069960
11.109251
11.127507
10.477955
10.570581
12.655533
9.929987
9.519187
11.875633
11.376972
12.148834
11.609016
12.097284
10.585010
10.356846
11.480538
11.138723
11.947016
10.745395
10.454327
10.277926
10.148230
14.441295
11.698333
11.611667
10.846364
11.419313
9.860472
11.921761
11.125811
10.234457
12.241661
11.143355
9.955537
11.337854
12.275457
11.318439
10.714416
9.919528
10.935769
11.213275
10.354863
11.572603
9.127735
9.482384
10.881595
10.371639
11.175919
10.583920
10.908097
11.786835
11.726224
11.799762
13.049132
9.746556
10.229928
10.649544
11.617084
11.258435
11.376921
11.214369
9.583509
11.933725
11.998465
9.565918
10.973288
11.745886
10.803592
10.523780
10.213061
10.999136
10.196057
11.178237
9.300401
10.689665
12.809125
10.444736
11.176501
12.152353
9.334231
9.717313
11.691592
12.086560
11.545906
11.667879
10.044739
10.498513
11.225407
10.300107
9.597316
11.252004
12.221687
11.023165
12.339532
11.278911
11.947595
10.602506
10.303414
9.993344
9.396801
10.288930
11.765430
11.657310
10.769360
8.747562
10.644921
10.477851
10.722030
11.048485
9.858881
10.765165
11.480520
11.211008
11.244279
10.858840
11.465329
12.245969
9.932889
9.863507
9.601421
10.210626
10.364984
10.747349
9.611755
10.454223
9.869772
11.975080
9.962355
10.471859
10.257276
9.790590
11.543198
9.934430
10.916376
10.696969
12.750161
10.546348
11.142189
11.250309
10.320398
9.730006
11.102109
11.062921
10.326766
12.376859
10.277787
10.630931
11.139682
10.598477
13.051706
9.465560
9.949792
10.768899
10.482639
9.197185
10.828621
10.123412
10.919059
11.191369
11.302076
8.173904
10.361275
11.856286
12.978411
11.625168
9.301016
10.706170
11.332202
10.785642
10.914314
10.693652
10.513038
10.755666
10.526667
12.216516
11.211203
9.277851
9.609606
10.125308
10.402322
10.691086
10.759416
10.020487
10.848225
11.714901
10.616280
12.975923
10.114265
10.579227
11.660084
10.780030
10.471135
10.496684
10.312446
11.128095
11.866768
13.377818
11.109083
11.027564
10.294985
9.971737
11.609084
9.865981
10.487099
9.794677
10.046844
9.829953
9.035625
10.207828
11.943684
10.228700
11.122473
10.995837
11.251480
10.894754
9.951596
10.311717
10.802252
10.494012
8.311658
10.288241
11.944485
10.871283
10.998523
9.604296
9.970100
10.768313
10.738842
10.616674
12.495658
10.768209
9.553321
11.837058
9.003195
11.505133
11.633504
9.814552
10.999231
11.010110
11.551078
10.535424
9.843174
10.322487
11.056501
10.950551
10.935598
11.476190
9.424997
9.783098
11.138802
11.321592
11.007787
11.059205
9.783746
9.370094
11.855764
12.001736
10.907631
11.031762
11.158187
11.669036
9.683586
10.053018
10.095783
10.823665
11.710965
10.808377
10.681653
10.116074
11.773528
9.898552
10.406142
10.365419
9.338496
11.500565
9.739269
9.983523
10.251232
11.440438
10.634439
9.502494
10.448624
9.313065
10.677940
10.827412
9.371491
9.805658
8.371003
9.938228
9.788856
9.652787
10.503789
9.560111
11.158341
11.651200
10.789830
10.094485
9.243904
9.792252
10.700069
9.655524
10.640968
11.365955
12.107776
11.797933
9.830815
11.267777
10.418497
10.768696
10.022093
11.346474
10.177280
11.697109
10.635648
10.963473
9.417908
11.147250
10.359273
11.442431
11.635606
10.013069
11.125929
9.908330
10.539914
10.288436
11.617982
11.505047
10.055443
11.922240
12.012452
9.668939
10.254104
12.176993
11.345280
10.879001
10.672219
9.818971
10.282749
9.016028
10.703342
12.771332
11.134706
11.415511
10.387181
11.462207
10.961579
8.206608
9.961903
9.520071
10.229377
10.417939
9.296413
10.908397
10.161463
10.145580
10.200476
9.402138
10.179416
10.582530
12.910697
9.820923
10.449718
10.488961
10.469396
9.557634
9.316910
9.400295
11.166342
10.822322
10.850780
8.916176
10.225200
12.758585
10.706503
9.513296
10.908494
10.043509
8.434366
12.051097
10.882775
10.700529
9.878258
9.376704
10.939833
10.367223
11.490026
9.767100
8.886186
9.332144
8.990476
9.932615
12.284856
10.536347
11.098696
9.044102
10.641402
11.234678
10.526946
9.928644
11.408893
11.282862
10.579927
10.494133
11.095942
11.198873
9.218195
10.539380
10.524456
10.572174
11.255554
10.710622
10.230885
9.690679
10.812566
9.936480
7.920454
10.962429
10.906178
11.153395
10.063745
11.057305
10.379934
9.584854
9.198867
10.198910
12.067969
11.250923
10.588205
10.724766
10.137806
10.350709
10.935492
11.326842
7.815937
10.911730
11.727491
9.782351
11.380652
9.455426
11.367859
10.197680
9.669437
9.684271
10.647585
10.256963
9.257847
10.279721
9.218407
11.047075
9.299995
10.379172
10.350339
10.612737
9.719275
11.419118
11.617805
10.596464
10.041657
9.542766
9.338840
9.621865
10.568530
10.960326
11.257424
10.841744
8.556533
11.275932
11.082093
10.581598
10.624429
9.157539
10.926934
10.545086
10.330198
10.470031
9.846859
10.788630
8.584413
9.970339
10.197530
10.018423
10.851506
10.671498
9.820843
9.263675
10.680580
10.935070
10.220183
9.007167
10.597711
11.204307
9.935639
12.043518
8.825949
10.490925
10.194389
12.127748
10.406812
10.374346
9.611526
10.071756
9.241981
11.413186
10.399242
9.599506
10.352856
9.804419
8.909889
11.386380
9.800164
10.373522
8.785822
9.366469
9.460428
11.029954
10.700658
11.652754
10.665021
10.126053
9.447232
9.135871
9.132338
11.291464
10.327240
9.835890
10.569406
9.341052
9.740449
9.615098
10.395034
11.187621
10.762272
10.217239
11.432823
9.345391
9.453252
10.661190
9.610783
11.783063
9.966047
10.230073
9.225791
9.478537
10.461492
8.847226
9.482846
9.378297
10.172709
10.151595
9.587308
10.094500
11.781161
11.183189
10.178994
11.679064
12.085100
10.533472
10.214496
9.515311
8.667109
9.812914
10.010643
8.941414
10.538107
10.213120
9.803655
8.484458
9.718797
9.901412
10.717011
8.909716
9.940658
8.984703
8.447067
9.796749
10.158616
10.644557
11.189328
9.759898
9.494980
10.826834
9.955910
11.740074
9.537401
9.261901
9.932454
10.432069
9.381951
10.041742
10.829864
10.172867
9.328200
9.714682
11.175997
11.617210
11.518390
8.696293
8.854853
8.990106
10.424288
9.424634
10.339468
9.315063
10.535074
9.672524
9.199909
9.190646
10.096875
8.496027
9.992133
10.072873
9.875234
8.387083
8.802139
10.154431
9.819073
9.623367
12.399927
10.117156
9.733980
10.918297
10.849492
10.673154
11.071521
10.613904
10.129578
8.536320
10.939064
11.350651
9.844797
10.696389
10.364068
9.035630
8.676313
10.067620
9.839960
10.068057
11.534236
10.327365
11.759911
9.578130
9.652160
9.879803
10.890269
9.429443
11.498724
9.687635
8.951647
10.384174
10.766679
9.560370
9.976268
10.418043
10.527228
9.977432
11.192991
10.064147
9.802793
10.755044
10.626671
10.821101
9.869766
9.438363
9.816741
8.734722
11.573468
9.219824
11.338582
10.326444
10.362182
10.961480
9.611386
10.014285
11.129737
10.746053
10.291479
11.859307
10.165711
9.919119
10.145272
9.808030
10.327511
8.963383
10.678765
7.987187
9.490220
10.052773
9.479771
10.450458
11.334449
10.757814
10.511009
10.610746
10.160633
9.862007
9.462230
10.884310
9.511556
9.159895
8.329901
11.135136
10.785230
8.812734
9.806512
9.431943
9.027071
10.725140
9.520209
9.265591
11.642466
9.866517
8.865860
11.504401
9.655787
9.596827
10.682213
8.487200
8.965147
10.059992
9.827852
9.568679
11.608281
10.627963
9.670537
8.846130
9.437510
10.726845
9.365634
8.675887
10.342389
8.907994
10.175182
10.906639
8.648199
10.455881
9.487818
9.961502
10.174704
10.684042
11.416941
10.449495
10.080765
9.624453
9.995088
11.437737
10.842629
9.841597
10.947799
10.692417
11.074161
10.172347
9.052258
10.508285
10.054900
10.198296
10.406294
9.229489
9.608043
11.000593
10.244824
9.602543
10.807425
10.488150
9.071453
10.596962
8.734756
9.181437
10.450039
9.675748
11.448040
9.541652
10.674558
10.721450
10.904714
10.114150
7.701995
10.079786
9.904154
9.191926
9.368486
10.288096
9.966941
9.845383
11.809836
9.631432
11.385705
9.914946
9.318811
10.019881
10.209272
10.002319
9.454486
9.742682
10.223260
8.738238
11.729851
10.338288
9.707520
9.841838
11.380784
9.096852
11.770502
10.352067
11.853957
9.789630
10.648318
9.242545
11.528112
10.695031
10.161277
10.218492
11.443159
11.521359
9.745106
10.074655
10.553014
10.032438
10.101604
10.134393
9.265603
9.500474
8.488031
9.813360
11.173121
10.395263
10.496558
9.653359
10.547188
10.130307
9.875759
9.721598
10.636130
9.902237
9.248207
9.993205
11.134279
10.574163
12.514514
8.583705
9.369602
8.596925
9.573225
9.836753
10.408419
10.401217
9.833086
7.621130
10.760388
7.977067
10.884674
8.836370
10.974770
10.252140
7.515691
9.412570
9.244701
9.167721
10.891009
9.962668
10.017475
10.515889
10.391273
10.705312
11.226250
10.394453
9.946168
9.783614
9.134077
9.941753
9.174983
10.773724
11.699042
9.804739
9.582437
9.580681
9.421497
11.766940
9.247310
9.632672
11.108216
10.304407
10.780749
10.032872
9.582370
9.671596
9.669737
10.475598
8.433899
8.711986
9.716668
9.253639
10.362590
10.901964
9.000747
9.928915
10.003587
9.382565
10.057758
9.666737
9.899243
11.355071
9.253176
9.210522
8.966706
10.058849
10.153472
9.010958
8.296066
9.213794
9.690646
10.119353
9.470337
8.479046
10.646318
9.499172
9.720288
10.331499
11.473634
9.859836
9.933022
9.854400
10.660324
10.074564
10.778367
10.198410
10.303679
8.950743
9.547164
10.957001
9.754059
8.818257
10.117676
9.696337
9.957210
10.467498
9.808798
9.461619
10.192255
9.804074
10.329332
9.590223
9.716173
8.463027
9.449998
10.725241
9.927940
10.517940
9.197005
10.431906
10.503650
10.162117
9.475242
8.891120
10.430292
9.336523
10.849624
8.942323
9.877334
10.324138
9.271920
10.441723
9.730030
9.881675
10.301024
10.672285
10.116761
9.011627
9.591867
10.373589
9.258990
9.676869
8.643147
12.001094
11.319315
9.117536
9.246282
10.778016
9.907084
9.654841
9.881669
10.361135
10.001013
10.137362
10.017886
10.259032
9.895516
9.867292
9.293193
11.675356
8.023346
10.565113
9.655088
10.558140
9.907444
9.104622
10.049688
9.628700
10.380399
9.166465
10.656926
9.944463
11.243134
8.739835
11.351095
10.538053
11.347269
9.456327
9.238276
9.170704
9.378945
8.694248
9.342769
9.513996
10.161421
10.281687
9.045265
10.773986
8.844007
9.496887
9.770282
10.175231
9.784566
10.270576
10.034635
9.405213
8.958232
9.439748
9.707244
10.311302
11.047443
9.107471
11.486827
10.032562
10.196602
10.484003
10.407960
8.681178
9.417337
10.112697
9.429289
10.095011
10.835988
10.634596
9.003352
9.651670
10.262910
9.885530
8.594275
10.990664
11.250273
10.751663
9.716309
10.794310
11.838633
9.492557
11.243758
10.911934
10.326288
11.561296
10.218625
9.992768
10.173399
10.024024
10.609126
9.906004
9.730056
9.315978
9.485526
8.973448
9.265359
10.352822
9.295239
9.234478
10.982187
10.578877
11.256478
9.936563
8.024505
8.258680
9.022892
11.391027
8.887705
9.331996
11.619404
9.945904
11.523331
9.970757
8.841840
11.195232
10.901220
10.487431
10.523145
8.422196
10.821924
10.766276
10.299201
8.486110
10.786738
8.496003
10.144529
11.170755
11.215600
10.052089
10.424459
9.549960
9.728922
11.141052
9.752502
10.470967
9.783959
11.893488
10.327654
10.575435
9.364304
9.654818
10.438294
9.002281
9.787624
10.549611
9.088125
8.507140
9.413436
8.542059
10.193139
9.653711
9.906326
8.177189
11.575577
11.222353
9.037800
9.874597
9.833463
10.156503
9.121046
10.097294
9.052408
10.982368
9.839770
9.862382
9.637047
9.131655
9.470583
9.292209
9.253561
10.673581
9.029051
11.046184
9.899348
9.220387
10.544682
9.911257
8.756927
10.181851
10.029430
9.569003
10.541301
9.682798
9.634422
10.623430
10.831828
10.579586
11.328583
11.398882
10.061820
10.189008
8.535167
10.048564
10.253697
11.271656
9.621098
10.042236
10.002654
11.098403
10.376637
9.424260
9.336275
9.580125
10.924647
9.398806
9.645099
9.566701
9.501201
9.934171
10.392360
9.913535
10.017525
7.923454
9.687129
10.041322
9.901856
10.387632
10.347932
8.686599
10.517332
10.245297
10.612065
10.628432
11.997599
9.601602
9.849791
11.245844
8.849047
8.796932
9.519640
9.736236
11.028636
11.268082
9.322973
9.442383
10.565649
8.941931
9.889339
8.971743
9.294220
10.725300
9.077960
9.548100
9.294225
9.763220
8.421551
8.463279
10.919687
11.196088
10.056548
8.842602
10.461002
9.702654
10.158001
10.212975
9.239859
11.216918
10.970999
11.076380
9.849728
12.485011
9.618729
9.904706
10.157824
10.493176
10.957517
9.022608
9.906055
9.264168
11.243853
11.065969
9.281385
9.649342
9.138771
9.350890
9.572841
9.544078
9.736543
9.449305
10.650952
9.146125
9.166586
8.284922
8.075926
10.342700
9.339691
9.699301
7.661022
11.464413
9.759782
9.022243
9.676531
11.340884
9.549813
9.061780
9.724104
8.581867
8.242569
10.902473
9.533939
10.199146
9.933982
9.738429
8.686230
9.275926
9.388681
10.041698
10.578236
10.178094
8.230511
10.099015
11.216591
11.029461
9.121732
9.143075
9.338022
11.526293
10.100203
9.164332
10.162148
8.241147
9.781953
10.194778
9.694908
9.281768
9.355462
11.792039
9.880222
9.690250
10.200943
9.040572
10.757692
9.306559
10.354769
10.135935
8.677950
10.554911
9.938967
10.753675
11.094269
9.761656
10.822369
8.407488
9.488151
10.333916
9.445356
8.970489
10.737048
9.839074
9.696083
10.826666
9.509236
11.175729
11.241317
9.314976
9.542304
9.755932
10.356343
9.962198
9.608556
7.573549
9.532984
10.040348
9.450439
9.401295
10.180934
8.537620
9.399901
8.342285
9.524985
10.591322
9.377558
10.747974
8.301108
10.119991
10.432108
9.743362
9.678759
9.752469
9.119907
11.036657
9.951181
11.752737
10.415583
9.446550
10.170866
9.197886
9.370416
12.108224
10.419012
10.535330
10.203033
9.831188
10.866888
9.057067
9.789492
10.640998
9.607899
8.541151
8.436803
10.930492
8.991058
9.659050
8.747368
10.537179
9.740530
7.691361
10.963375
10.451801
10.358731
8.883211
11.227196
8.596471
9.162079
9.257551
8.984091
10.229639
10.298641
9.913811
9.520744
10.060347
8.129418
8.674825
10.501989
10.066162
11.012175
10.935430
9.023077
10.242955
9.527861
9.436740
9.633578
10.970283
10.562945
9.448552
10.335718
8.679863
8.350895
10.085710
10.075122
11.138320
9.867320
9.843536
9.073746
11.038767
10.230771
9.033597
8.896574
9.456482
9.523971
9.994755
11.764494
8.406389
8.246533
10.723536
11.621861
10.622365
9.879315
10.683281
8.819352
10.153696
10.989065
10.398987
10.891641
9.075501
9.340342
10.772844
10.447764
10.267815
10.764271
10.907794
8.781847
10.140895
8.921182
10.106888
9.363671
9.087027
10.776004
9.887956
8.842976
10.182317
9.844035
8.825425
8.455695
9.726801
10.723730
10.118375
9.535798
9.301199
9.393050
10.569784
10.859450
10.184765
9.576486
8.389442
8.998812
11.137171
9.972030
9.146652
9.006985
10.427875
9.614239
9.773666
10.612946
9.201874
10.041311
8.915193
8.814921
8.463674
9.754700
8.840091
9.411499
10.422162
10.567112
9.454006
11.019067
10.592964
10.487416
12.007908
9.758903
9.116655
9.559701
8.487302
9.806242
10.404515
8.519827
10.708674
9.201523
9.395276
10.628744
10.695462
10.381813
10.054351
10.117017
9.129010
8.491340
10.648459
10.692259
8.936376
10.491828
9.092253
10.445752
9.307116
9.211488
9.003618
10.491585
8.149590
10.301408
11.240942
8.944975
11.334397
9.530689
7.744171
8.742547
9.259082
9.320864
10.292208
10.040124
9.330000
9.411158
11.426998
11.194929
10.551728
11.899872
9.169905
10.281247
10.249110
10.332526
9.377389
9.716471
8.640702
9.725235
9.569074
9.275384
10.308157
8.705156
10.336175
10.180929
8.965516
8.393614
11.318338
8.913791
9.209978
10.660524
8.404398
10.505866
8.452777
9.311197
10.373556
9.788587
9.811877
9.876797
9.446276
9.296821
9.246759
10.685731
10.557822
9.815162
10.574143
10.443426
11.659226
10.547581
8.881585
9.519706
9.162554
9.830008
8.560581
9.635576
9.066326
8.852876
10.160694
9.236440
9.842779
9.655141
8.320600
9.257286
9.669680
11.736872
11.477474
9.753397
8.675207
9.599390
9.079992
8.425896
9.733194
10.548398
10.009224
10.139791
10.259748
8.878252
10.135267
8.172111
9.469296
10.334954
10.198696
8.403135
8.563991
9.122478
8.946937
8.997622
8.579227
10.182425
10.279762
10.179125
10.150765
8.992156
10.447157
9.643615
10.391989
10.102939
9.474266
10.011020
9.627779
10.926593
11.228881
10.531137
8.718868
9.157699
7.849009
9.466916
11.014389
10.366115
9.563114
8.848037
10.873820
8.201284
10.218051
11.300792
10.165414
9.166697
9.954011
10.369526
10.581871
9.840780
8.886681
9.723432
8.597692
10.000529
9.977955
9.094219
10.613859
10.158322
9.736894
10.421167
8.742483
11.320353
9.599586
9.922689
10.045979
10.658290
10.349654
8.366843
9.131439
8.989111
11.629306
8.674455
10.251547
10.445906
8.955751
7.734361
10.896096
10.784217
9.739750
9.496700
9.842549
9.227797
9.249965
9.954002
8.227932
9.392519
8.103666
10.678600
9.513324
9.666560
9.450381
9.426270
9.963794
9.377886
9.938125
9.228463
9.340038
9.243945
9.176540
10.244345
8.690105
9.238196
9.341419
8.578512
9.491784
11.219190
9.680664
9.404428
8.510372
10.186031
8.194436
9.015198
9.646055
8.850352
9.321039
9.065926
10.004617
10.587906
8.169953
9.571732
10.320902
9.926943
9.190017
8.211153
9.444036
9.711439
10.106564
9.729383
10.521783
9.532107
9.718504
9.333641
10.017170
8.563059
9.523642
9.241187
10.782533
9.291407
9.222872
9.547550
10.865541
8.470485
10.885080
9.461296
9.254664
11.765321
10.750942
10.215934
8.584802
8.713195
8.543699
7.712922
9.685510
9.129931
9.522183
10.373553
10.990145
11.381209
9.965915
8.283553
8.639180
9.439603
9.416018
9.902453
10.266186
9.398038
9.358550
8.671019
9.770103
8.485130
10.274402
9.619776
10.572714
10.005804
9.918572
10.070743
10.193010
8.682442
9.788734
9.524419
8.513340
8.515053
9.849793
11.819791
10.192389
9.004025
9.110345
9.099931
10.360955
9.933845
7.891284
9.714276
10.059114
8.610771
9.215053
11.008285
9.805711
10.160059
9.421338
9.528419
9.585316
9.194697
10.251579
10.259189
9.579121
11.725106
9.931254
9.630855
9.285089
9.893578
9.653370
9.293466
8.546315
9.237296
9.829947
9.786738
10.170468
9.151332
10.413246
9.343883
9.880459
8.412289
10.131854
9.273464
9.574237
9.445431
9.641257
10.702372
9.583513
11.374096
9.032324
8.568772
10.170334
9.067455
8.684411
9.896369
8.830191
8.877892
10.228202
10.237232
9.278436
9.307304
10.436690
9.796591
9.713750
9.833866
10.768146
9.071211
9.853216
9.524733
9.430437
11.350361
8.837358
8.479599
9.791933
10.807111
9.701476
9.650264
9.581564
8.941132
9.944981
9.889389
9.011696
9.683259
10.398575
9.137086
9.357220
8.633988
8.976032
9.668480
10.206665
8.531937
11.266137
11.432790
8.521645
10.553650
9.857508
9.811601
10.407065
9.244248
9.843640
9.151535
9.401894
9.240157
10.285823
10.103198
11.047429
10.010594
10.620602
10.185955
9.789134
8.075776
9.689496
7.823411
9.378400
9.335707
9.615143
9.113181
9.575547
10.889517
10.188897
11.242017
10.525710
12.048982
9.710832
9.766401
11.107770
8.889438
11.328151
9.483980
10.119359
10.794448
9.611639
10.822908
11.329871
9.452839
10.643725
10.118260
8.881716
11.841488
10.063484
10.196323
11.484088
8.748560
9.369006
10.110683
9.342456
9.567162
9.159470
9.934345
9.983002
9.532152
9.065529
8.620643
9.272679
9.267128
9.074567
9.375418
10.555306
9.300200
9.043369
8.888774
8.740293
9.221507
7.978335
10.789194
9.336110
10.190930
9.100046
12.312112
9.937092
8.561430
10.984191
10.231654
10.190309
8.718363
9.299531
9.442853
8.851094
9.817392
8.880352
10.727094
9.084407
9.561052
8.495286
9.896353
9.269851
8.830541
10.124227
10.498111
10.258279
7.664302
8.333814
10.982530
9.354803
9.517797
11.938146
8.501419
9.265595
9.287209
9.808698
9.453403
10.133353
11.070031
9.993221
9.296290
9.901195
9.254648
9.003645
9.230513
9.285778
9.982543
10.136310
9.427519
8.899673
10.053415
8.256805
10.235039
10.074010
9.147606
8.930630
9.819180
9.473064
10.136717
8.750681
10.178603
9.151581
10.063717
9.039495
9.118208
10.106471
9.750864
10.751666
9.721576
10.652629
9.791239
9.475909
10.188424
9.766790
10.978904
10.339554
10.086643
9.727837
9.352800
10.756983
10.468685
9.218435
11.433953
8.696440
9.034780
9.832233
10.220993
9.368468
9.539682
8.348613
9.845877
8.551512
10.935861
8.973320
8.141540
9.664235
8.674775
10.478219
9.615881
8.814273
10.403456
6.942007
10.620184
9.147233
10.468608
10.403163
10.925296
8.806609
9.436735
10.635892
8.718947
9.845267
10.953613
10.186462
8.991443
9.612732
10.167158
9.374248
8.742533
9.416880
9.152482
10.034032
9.600767
9.638039
8.762486
8.117835
9.889728
9.336354
10.382084
9.551205
10.115090
8.438204
10.512859
9.400560
8.336007
8.685601
10.470896
10.500568
9.757862
10.860453
8.917614
9.645642
7.699762
9.406426
9.425543
8.329807
8.986447
9.330907
10.659867
9.615026
9.257347
9.338982
9.587446
10.683792
8.894371
9.269226
9.451345
9.796171
9.779909
10.154924
10.446825
9.719752
8.809550
7.676813
9.525225
10.782543
10.639522
9.694616
9.122137
8.984411
9.395934
10.678133
8.098658
9.586431
9.714493
10.149704
9.938612
8.806639
10.320296
9.421256
9.592997
8.996274
10.248166
10.009006
8.810692
9.348094
8.742421
9.990288
9.163664
9.449190
9.059563
8.966855
8.502940
8.174974
9.247273
9.602455
10.248748
8.693880
9.410759
9.179899
9.899054
9.932314
7.944033
9.804755
9.741064
10.227238
8.704058
8.945683
9.018945
10.217908
10.847384
9.758775
9.621124
8.986096
8.359569
10.435614
8.958397
9.594034
9.335614
8.535663
9.124646
9.289503
8.152628
10.074425
9.368911
9.907020
10.042188
9.573242
8.734013
9.241534
8.977078
9.408374
9.928311
10.641653
10.910151
10.362604
9.477613
11.444565
9.270663
9.446557
9.411608
10.489712
8.719056
9.462815
9.570563
9.227624
9.736993
10.254367
8.299999
9.780895
10.062668
10.257328
8.976415
9.775592
8.305676
8.496729
8.082049
9.437396
9.841222
9.960891
9.532552
10.541778
8.935845
8.345540
9.271971
10.614879
9.795273
8.941085
10.517561
9.895583
9.442424
8.037893
9.546419
10.316161
9.723978
9.498869
8.969957
10.101379
9.338618
10.303278
9.907933
9.546270
9.583924
10.246558
8.702990
8.056495
10.044254
8.834048
10.035457
8.211194
10.471887
9.668820
11.297033
8.985476
8.629776
8.938755
8.871147
9.480719
9.284548
10.017628
10.523357
9.465583
8.351008
10.475496
9.252126
10.730534
10.340074
10.197454
9.259337
9.658737
9.236035
9.657003
9.042438
8.874881
11.021456
10.257204
8.744957
9.568582
9.809328
11.003162
9.423220
9.624178
9.460029
9.534866
8.837844
8.731385
9.820622
10.261326
8.558874
10.099633
9.040756
9.683818
10.826778
9.151139
10.652857
9.332523
9.913909
10.672771
9.234258
10.253669
9.279733
8.848131
10.069147
8.693930
9.776511
9.281973
10.071791
9.284205
9.089468
10.840164
10.013921
10.451432
9.941209
9.649687
8.727657
9.228365
9.012582
11.639624
8.890559
10.370313
10.007271
9.788922
10.546227
9.677027
10.242542
10.698982
11.943660
10.129278
10.706513
9.689270
9.833380
9.727101
9.594519
9.204509
9.594030
11.707178
9.060731
8.607862
9.627820
10.561691
9.065521
10.213948
9.669960
9.515805
9.826161
9.738782
9.007883
10.538729
10.766063
8.610436
8.717950
10.338774
10.924043
8.708924
10.976908
9.591843
10.320160
9.205751
9.006645
8.807056
10.076366
8.850394
9.833743
9.072236
9.178847
9.161417
10.816994
9.681298
8.420479
10.190443
9.561935
11.722461
9.826921
10.016841
8.532857
9.910537
8.788851
10.816157
9.655182
9.521321
8.193754
9.621649
10.152065
9.418534
10.148624
9.364862
9.020316
11.932662
10.099446
9.096257
10.333491
11.371502
9.531193
8.728370
10.355690
7.691761
9.842474
10.682475
9.976448
9.766743
9.984963
9.398458
9.318190
10.169533
9.979634
11.367483
9.427249
9.719123
9.950797
8.735346
9.364621
9.218573
9.037992
9.444983
11.109298
10.888157
9.885557
9.898362
9.411343
9.936024
9.112820
10.818998
9.948305
9.857087
9.799640
10.371942
8.798606
9.641753
10.287598
9.580483
10.140397
10.124708
9.727318
9.947492
8.137942
9.612289
10.685245
9.905258
10.726891
11.702914
10.593661
9.296567
9.855160
9.816383
11.075711
7.979291
10.437808
9.875006
10.378570
9.662301
9.921643
10.203333
8.203134
9.372160
9.167967
9.604600
10.178581
9.000489
8.200046
9.318596
9.531744
9.865932
9.874119
9.559934
9.325586
9.600471
8.627416
9.985853
8.729015
9.688493
10.275476
11.839819
9.293171
8.411335
10.385464
8.772975
10.720181
10.005654
8.244348
9.574466
9.772795
9.014253
8.543721
9.439600
9.874063
9.264063
10.844714
10.986937
9.518631
8.720170
9.673652
10.846179
9.832758
8.658462
10.181325
10.005296
9.083805
9.514525
9.334363
8.318340
9.344726
8.725459
7.508146
9.143658
9.552603
9.428453
9.360101
9.236224
9.873815
10.473825
7.950153
9.496409
9.760421
9.448458
9.486542
8.713349
11.021326
9.280454
8.468003
8.022023
9.563155
9.979150
9.633693
9.812539
10.818726
10.483383
8.843632
10.890485
9.490692
9.048253
8.395089
9.348278
10.133741
8.911986
9.637873
9.830625
8.519468
8.837681
9.892752
8.863502
9.823023
9.968891
10.079858
9.593356
9.711236
9.246245
8.703816
10.188299
10.329493
8.550089
10.251469
8.506920
8.621938
9.570624
9.924161
10.547286
10.411919
9.808955
11.212349
10.926974
10.106510
9.425652
8.484363
9.010252
8.742182
10.071870
